{
 "cells": [
  {
   "cell_type": "markdown",
   "metadata": {},
   "source": [
    "## 特徵工程：主成分分析"
   ]
  },
  {
   "cell_type": "code",
   "execution_count": 18,
   "metadata": {},
   "outputs": [],
   "source": [
    "from sklearn.decomposition import PCA\n",
    "from sklearn import datasets\n",
    "import pandas as pd\n",
    "import numpy as np\n",
    "import matplotlib.pyplot as plt\n",
    "from sklearn.datasets import load_iris"
   ]
  },
  {
   "cell_type": "code",
   "execution_count": 19,
   "metadata": {},
   "outputs": [
    {
     "name": "stdout",
     "output_type": "stream",
     "text": [
      "<class 'pandas.core.frame.DataFrame'>\n",
      "RangeIndex: 41994 entries, 0 to 41993\n",
      "Data columns (total 149 columns):\n",
      " #    Column                                Dtype  \n",
      "---   ------                                -----  \n",
      " 0    Unnamed: 0                            int64  \n",
      " 1    Electricity_cost_total                float64\n",
      " 2    county                                object \n",
      " 3    state                                 object \n",
      " 4    lat_avg                               float64\n",
      " 5    lng_avg                               float64\n",
      " 6    yearly_sunlight_kwh_kw_threshold_avg  float64\n",
      " 7    count_qualified                       int64  \n",
      " 8    number_of_panels_n                    int64  \n",
      " 9    number_of_panels_s                    int64  \n",
      " 10   number_of_panels_e                    int64  \n",
      " 11   number_of_panels_w                    int64  \n",
      " 12   number_of_panels_f                    int64  \n",
      " 13   number_of_panels_median               float64\n",
      " 14   kw_median                             float64\n",
      " 15   kw_total                              float64\n",
      " 16   yearly_sunlight_kwh_n                 float64\n",
      " 17   yearly_sunlight_kwh_s                 float64\n",
      " 18   yearly_sunlight_kwh_e                 float64\n",
      " 19   yearly_sunlight_kwh_w                 float64\n",
      " 20   yearly_sunlight_kwh_f                 float64\n",
      " 21   yearly_sunlight_kwh_median            float64\n",
      " 22   carbon_offset_metric_tons             float64\n",
      " 23   existing_installs_count               int64  \n",
      " 24   total_panel_area                      float64\n",
      " 25   fips                                  int64  \n",
      " 26   average_household_income              float64\n",
      " 27   education_bachelor                    int64  \n",
      " 28   education_college                     int64  \n",
      " 29   education_doctoral                    int64  \n",
      " 30   education_high_school_graduate        int64  \n",
      " 31   education_less_than_high_school       int64  \n",
      " 32   education_master                      int64  \n",
      " 33   education_population                  int64  \n",
      " 34   education_professional_school         int64  \n",
      " 35   employed                              int64  \n",
      " 36   gini_index                            float64\n",
      " 37   heating_fuel_coal_coke                int64  \n",
      " 38   heating_fuel_electricity              int64  \n",
      " 39   heating_fuel_fuel_oil_kerosene        int64  \n",
      " 40   heating_fuel_gas                      int64  \n",
      " 41   heating_fuel_housing_unit_count       int64  \n",
      " 42   heating_fuel_none                     int64  \n",
      " 43   heating_fuel_other                    int64  \n",
      " 44   heating_fuel_solar                    int64  \n",
      " 45   land_area                             float64\n",
      " 46   per_capita_income                     float64\n",
      " 47   population                            int64  \n",
      " 48   population_density                    float64\n",
      " 49   poverty_family_below_poverty_level    int64  \n",
      " 50   poverty_family_count                  int64  \n",
      " 51   race_asian                            int64  \n",
      " 52   race_black_africa                     int64  \n",
      " 53   race_indian_alaska                    int64  \n",
      " 54   race_islander                         int64  \n",
      " 55   race_other                            int64  \n",
      " 56   race_two_more                         int64  \n",
      " 57   race_white                            int64  \n",
      " 58   total_area                            float64\n",
      " 59   unemployed                            int64  \n",
      " 60   water_area                            float64\n",
      " 61   solar_system_count_residential        int64  \n",
      " 62   solar_system_count_nonresidential     int64  \n",
      " 63   total_panel_area_residential          float64\n",
      " 64   total_panel_area_nonresidential       float64\n",
      " 65   median_household_income               float64\n",
      " 66   household_count                       int64  \n",
      " 67   average_household_size                float64\n",
      " 68   housing_unit_count                    int64  \n",
      " 69   housing_unit_occupied_count           int64  \n",
      " 70   housing_unit_median_value             float64\n",
      " 71   housing_unit_median_gross_rent        float64\n",
      " 72   lat                                   float64\n",
      " 73   lon                                   float64\n",
      " 74   elevation                             float64\n",
      " 75   heating_design_temperature            float64\n",
      " 76   cooling_design_temperature            float64\n",
      " 77   earth_temperature_amplitude           float64\n",
      " 78   frost_days                            float64\n",
      " 79   air_temperature                       float64\n",
      " 80   relative_humidity                     float64\n",
      " 81   daily_solar_radiation                 float64\n",
      " 82   atmospheric_pressure                  float64\n",
      " 83   wind_speed                            float64\n",
      " 84   earth_temperature                     float64\n",
      " 85   heating_degree_days                   float64\n",
      " 86   cooling_degree_days                   float64\n",
      " 87   age_18_24_rate                        float64\n",
      " 88   age_25_34_rate                        float64\n",
      " 89   age_more_than_85_rate                 float64\n",
      " 90   age_75_84_rate                        float64\n",
      " 91   age_35_44_rate                        float64\n",
      " 92   age_45_54_rate                        float64\n",
      " 93   age_65_74_rate                        float64\n",
      " 94   age_55_64_rate                        float64\n",
      " 95   age_10_14_rate                        float64\n",
      " 96   age_15_17_rate                        float64\n",
      " 97   age_5_9_rate                          float64\n",
      " 98   household_type_family_rate            float64\n",
      " 99   dropout_16_19_inschool_rate           float64\n",
      " 100  occupation_construction_rate          float64\n",
      " 101  occupation_public_rate                float64\n",
      " 102  occupation_information_rate           float64\n",
      " 103  occupation_finance_rate               float64\n",
      " 104  occupation_education_rate             float64\n",
      " 105  occupation_administrative_rate        float64\n",
      " 106  occupation_manufacturing_rate         float64\n",
      " 107  occupation_wholesale_rate             float64\n",
      " 108  occupation_retail_rate                float64\n",
      " 109  occupation_transportation_rate        float64\n",
      " 110  occupation_arts_rate                  float64\n",
      " 111  occupation_agriculture_rate           float64\n",
      " 112  occupancy_vacant_rate                 float64\n",
      " 113  occupancy_owner_rate                  float64\n",
      " 114  mortgage_with_rate                    float64\n",
      " 115  transportation_home_rate              float64\n",
      " 116  transportation_car_alone_rate         float64\n",
      " 117  transportation_walk_rate              float64\n",
      " 118  transportation_carpool_rate           float64\n",
      " 119  transportation_motorcycle_rate        float64\n",
      " 120  transportation_bicycle_rate           float64\n",
      " 121  transportation_public_rate            float64\n",
      " 122  travel_time_less_than_10_rate         float64\n",
      " 123  travel_time_10_19_rate                float64\n",
      " 124  travel_time_20_29_rate                float64\n",
      " 125  travel_time_30_39_rate                float64\n",
      " 126  travel_time_40_59_rate                float64\n",
      " 127  travel_time_60_89_rate                float64\n",
      " 128  health_insurance_public_rate          float64\n",
      " 129  health_insurance_none_rate            float64\n",
      " 130  age_median                            float64\n",
      " 131  travel_time_average                   float64\n",
      " 132  voting_2016_dem_percentage            float64\n",
      " 133  voting_2016_gop_percentage            float64\n",
      " 134  voting_2012_dem_percentage            float64\n",
      " 135  voting_2012_gop_percentage            float64\n",
      " 136  number_of_years_of_education          float64\n",
      " 137  diversity                             float64\n",
      " 138  incentive_count_residential           int64  \n",
      " 139  incentive_count_nonresidential        int64  \n",
      " 140  incentive_residential_state_level     int64  \n",
      " 141  incentive_nonresidential_state_level  int64  \n",
      " 142  net_metering                          int64  \n",
      " 143  feedin_tariff                         int64  \n",
      " 144  cooperate_tax                         int64  \n",
      " 145  property_tax                          int64  \n",
      " 146  sales_tax                             int64  \n",
      " 147  rebate                                int64  \n",
      " 148  avg_electricity_retail_rate           float64\n",
      "dtypes: float64(95), int64(52), object(2)\n",
      "memory usage: 47.7+ MB\n"
     ]
    }
   ],
   "source": [
    "solar_norm =pd.read_csv('/Users/christine_sieh/workspace/Electric price_caculator/#1 dataclean/sunroof_train.csv')\n",
    "solar_norm.info(verbose=True)"
   ]
  },
  {
   "cell_type": "markdown",
   "metadata": {},
   "source": [
    "## 定義資料集的模型的自變數(y) 和獨立變數（x）"
   ]
  },
  {
   "cell_type": "code",
   "execution_count": 20,
   "metadata": {},
   "outputs": [],
   "source": [
    "\n",
    "y=solar_norm['Electricity_cost_total']"
   ]
  },
  {
   "cell_type": "code",
   "execution_count": 21,
   "metadata": {},
   "outputs": [],
   "source": [
    "X = solar_norm.iloc[:,4:29]"
   ]
  },
  {
   "cell_type": "markdown",
   "metadata": {},
   "source": [
    "## PCA對特徵降維"
   ]
  },
  {
   "cell_type": "code",
   "execution_count": 22,
   "metadata": {},
   "outputs": [],
   "source": [
    "#取三條y\n",
    "n_dim=2"
   ]
  },
  {
   "cell_type": "code",
   "execution_count": 23,
   "metadata": {},
   "outputs": [
    {
     "data": {
      "text/plain": [
       "array([[-5.18296631e+09, -4.83324033e+09],\n",
       "       [-5.18296621e+09, -4.83324032e+09],\n",
       "       [-5.18296602e+09, -4.83324028e+09],\n",
       "       ...,\n",
       "       [-2.29848177e+10, -7.38385618e+09],\n",
       "       [-2.29848177e+10, -7.38385618e+09],\n",
       "       [-2.29848174e+10, -7.38385613e+09]])"
      ]
     },
     "execution_count": 23,
     "metadata": {},
     "output_type": "execute_result"
    }
   ],
   "source": [
    "pca=PCA(n_dim)\n",
    "pca.fit(X).transform(X)"
   ]
  },
  {
   "cell_type": "markdown",
   "metadata": {},
   "source": [
    "## 降維結果"
   ]
  },
  {
   "cell_type": "code",
   "execution_count": 24,
   "metadata": {},
   "outputs": [
    {
     "name": "stdout",
     "output_type": "stream",
     "text": [
      "[0.89078386 0.10648142]\n"
     ]
    }
   ],
   "source": [
    "print(pca.explained_variance_ratio_)"
   ]
  },
  {
   "cell_type": "code",
   "execution_count": 25,
   "metadata": {},
   "outputs": [
    {
     "data": {
      "text/plain": [
       "array([0.89078386, 0.99726528])"
      ]
     },
     "execution_count": 25,
     "metadata": {},
     "output_type": "execute_result"
    }
   ],
   "source": [
    "np.cumsum(pca.explained_variance_ratio_)"
   ]
  },
  {
   "cell_type": "markdown",
   "metadata": {},
   "source": [
    "發現取兩條y就可以達到0.999的效果"
   ]
  },
  {
   "cell_type": "code",
   "execution_count": 26,
   "metadata": {},
   "outputs": [
    {
     "name": "stdout",
     "output_type": "stream",
     "text": [
      "covariance matrix: \n",
      "[[ 1.00002381e+00  3.06155154e-01 -6.92462592e-01 -3.71115395e-01\n",
      "  -4.57742297e-01 -4.15643684e-01 -4.48610077e-01 -4.34337189e-01\n",
      "  -3.56230950e-01 -3.34947453e-01 -3.34947453e-01 -4.02361706e-01\n",
      "  -4.64792850e-01 -4.36923336e-01 -4.59236787e-01 -4.49639973e-01\n",
      "  -3.84180056e-01 -4.67488680e-01 -3.64199129e-01 -3.95827801e-01\n",
      "  -9.45961205e-02  2.53424433e-01  3.59475713e-02  1.12460138e-02\n",
      "  -6.96219862e-02]\n",
      " [ 3.06155154e-01  1.00002381e+00 -6.68525371e-01 -4.61116482e-01\n",
      "  -4.78418067e-01 -4.93295342e-01 -5.14623412e-01 -5.18489543e-01\n",
      "  -4.11559295e-01 -3.21915700e-01 -3.21915700e-01 -4.66005636e-01\n",
      "  -4.96179983e-01 -5.12423836e-01 -5.28465222e-01 -5.28431742e-01\n",
      "  -4.39522374e-01 -4.54330366e-01 -3.32189057e-01 -5.94908917e-01\n",
      "  -1.43568149e-01  4.61180840e-01 -2.71007876e-02 -4.74686139e-02\n",
      "  -2.07260332e-01]\n",
      " [-6.92462592e-01 -6.68525371e-01  1.00002381e+00  4.89716915e-01\n",
      "   4.64998595e-01  5.31017980e-01  5.68867522e-01  5.59088000e-01\n",
      "   4.34719005e-01  3.22481106e-01  3.22481106e-01  4.95946291e-01\n",
      "   5.03586550e-01  5.84303251e-01  6.08251688e-01  5.99447805e-01\n",
      "   4.83595212e-01  5.51548428e-01  3.97612247e-01  6.65866367e-01\n",
      "   1.95641564e-01 -5.62600151e-01  2.23176857e-02 -2.60234410e-03\n",
      "   1.19399872e-01]\n",
      " [-3.71115395e-01 -4.61116482e-01  4.89716915e-01  1.00002381e+00\n",
      "   9.50660632e-01  9.78234928e-01  9.66570418e-01  9.68923467e-01\n",
      "   9.88594984e-01  4.73401899e-02  4.73401899e-02  9.95848714e-01\n",
      "   9.57429647e-01  9.66783646e-01  9.55418219e-01  9.54442826e-01\n",
      "   9.89818674e-01  1.69242407e-01  9.20471849e-01  8.03295151e-01\n",
      "   6.42108087e-02 -4.02126409e-01  4.58887281e-02  2.21123772e-02\n",
      "  -2.55530186e-02]\n",
      " [-4.57742297e-01 -4.78418067e-01  4.64998595e-01  9.50660632e-01\n",
      "   1.00002381e+00  9.33220929e-01  9.38707156e-01  9.31118730e-01\n",
      "   9.54995711e-01  1.00943096e-01  1.00943096e-01  9.65142044e-01\n",
      "   9.96084139e-01  9.13831539e-01  9.18771405e-01  9.10018374e-01\n",
      "   9.56334931e-01  2.04212169e-01  8.58565870e-01  7.75498047e-01\n",
      "   6.02973424e-02 -3.51897368e-01  4.65152382e-02  3.20025580e-02\n",
      "  -9.27210594e-04]\n",
      " [-4.15643684e-01 -4.93295342e-01  5.31017980e-01  9.78234928e-01\n",
      "   9.33220929e-01  1.00002381e+00  9.88047741e-01  9.94145346e-01\n",
      "   9.49359586e-01  9.85994235e-02  9.85994235e-02  9.85176321e-01\n",
      "   9.37860285e-01  9.92976463e-01  9.78097258e-01  9.82891662e-01\n",
      "   9.52808697e-01  2.29562328e-01  9.47085293e-01  8.02199716e-01\n",
      "   8.07335273e-02 -4.07000181e-01  4.64235591e-02  3.09332269e-02\n",
      "   5.24048857e-03]\n",
      " [-4.48610077e-01 -5.14623412e-01  5.68867522e-01  9.66570418e-01\n",
      "   9.38707156e-01  9.88047741e-01  1.00002381e+00  9.96460603e-01\n",
      "   9.32635141e-01  1.24889655e-01  1.24889655e-01  9.76665608e-01\n",
      "   9.50191296e-01  9.91738303e-01  9.95908810e-01  9.93048555e-01\n",
      "   9.46491756e-01  2.62122294e-01  9.03303359e-01  8.47762389e-01\n",
      "   9.35609905e-02 -4.19062176e-01  5.39854054e-02  3.54327548e-02\n",
      "   1.34636547e-02]\n",
      " [-4.34337189e-01 -5.18489543e-01  5.59088000e-01  9.68923467e-01\n",
      "   9.31118730e-01  9.94145346e-01  9.96460603e-01  1.00002381e+00\n",
      "   9.33800116e-01  1.20459995e-01  1.20459995e-01  9.77993086e-01\n",
      "   9.41357302e-01  9.96231131e-01  9.91792373e-01  9.95315323e-01\n",
      "   9.45403635e-01  2.56491227e-01  9.17551653e-01  8.30911938e-01\n",
      "   8.82924553e-02 -4.14113147e-01  4.70727271e-02  3.22613691e-02\n",
      "   1.65494007e-02]\n",
      " [-3.56230950e-01 -4.11559295e-01  4.34719005e-01  9.88594984e-01\n",
      "   9.54995711e-01  9.49359586e-01  9.32635141e-01  9.33800116e-01\n",
      "   1.00002381e+00  2.06214827e-02  2.06214827e-02  9.87443539e-01\n",
      "   9.56632535e-01  9.29582956e-01  9.15965165e-01  9.13159593e-01\n",
      "   9.95358666e-01  1.27858417e-01  9.08383243e-01  7.44744312e-01\n",
      "   4.26060237e-02 -3.60621469e-01  3.84041647e-02  1.78687552e-02\n",
      "  -4.63647632e-02]\n",
      " [-3.34947453e-01 -3.21915700e-01  3.22481106e-01  4.73401899e-02\n",
      "   1.00943096e-01  9.85994235e-02  1.24889655e-01  1.20459995e-01\n",
      "   2.06214827e-02  1.00002381e+00  1.00002381e+00  6.75462139e-02\n",
      "   1.10092833e-01  1.21199371e-01  1.39109670e-01  1.37445737e-01\n",
      "   4.39589957e-02  9.64424396e-01  4.17070371e-02  1.55449989e-01\n",
      "   6.38833345e-02 -1.52504331e-01 -3.66755839e-02 -7.75619773e-03\n",
      "   1.22284824e-01]\n",
      " [-3.34947453e-01 -3.21915700e-01  3.22481106e-01  4.73401899e-02\n",
      "   1.00943096e-01  9.85994235e-02  1.24889655e-01  1.20459995e-01\n",
      "   2.06214827e-02  1.00002381e+00  1.00002381e+00  6.75462139e-02\n",
      "   1.10092833e-01  1.21199371e-01  1.39109670e-01  1.37445737e-01\n",
      "   4.39589957e-02  9.64424396e-01  4.17070371e-02  1.55449989e-01\n",
      "   6.38833345e-02 -1.52504331e-01 -3.66755839e-02 -7.75619773e-03\n",
      "   1.22284824e-01]\n",
      " [-4.02361706e-01 -4.66005636e-01  4.95946291e-01  9.95848714e-01\n",
      "   9.65142044e-01  9.85176321e-01  9.76665608e-01  9.77993086e-01\n",
      "   9.87443539e-01  6.75462139e-02  6.75462139e-02  1.00002381e+00\n",
      "   9.69409898e-01  9.73389813e-01  9.63963146e-01  9.63051928e-01\n",
      "   9.89154128e-01  1.88478986e-01  9.28668409e-01  7.94980608e-01\n",
      "   6.41905084e-02 -3.89500476e-01  4.41534009e-02  2.56786545e-02\n",
      "  -1.83884004e-02]\n",
      " [-4.64792850e-01 -4.96179983e-01  5.03586550e-01  9.57429647e-01\n",
      "   9.96084139e-01  9.37860285e-01  9.50191296e-01  9.41357302e-01\n",
      "   9.56632535e-01  1.10092833e-01  1.10092833e-01  9.69409898e-01\n",
      "   1.00002381e+00  9.27939767e-01  9.37618427e-01  9.27931047e-01\n",
      "   9.65365788e-01  2.22801323e-01  8.45342281e-01  8.13915438e-01\n",
      "   6.93210425e-02 -3.84103549e-01  4.78662817e-02  3.02076057e-02\n",
      "   2.05730299e-03]\n",
      " [-4.36923336e-01 -5.12423836e-01  5.84303251e-01  9.66783646e-01\n",
      "   9.13831539e-01  9.92976463e-01  9.91738303e-01  9.96231131e-01\n",
      "   9.29582956e-01  1.21199371e-01  1.21199371e-01  9.73389813e-01\n",
      "   9.27939767e-01  1.00002381e+00  9.92101295e-01  9.96341306e-01\n",
      "   9.43676479e-01  2.64550376e-01  9.19016764e-01  8.35150840e-01\n",
      "   9.36153518e-02 -4.39326495e-01  4.33214013e-02  2.51026414e-02\n",
      "   1.37157070e-02]\n",
      " [-4.59236787e-01 -5.28465222e-01  6.08251688e-01  9.55418219e-01\n",
      "   9.18771405e-01  9.78097258e-01  9.95908810e-01  9.91792373e-01\n",
      "   9.15965165e-01  1.39109670e-01  1.39109670e-01  9.63963146e-01\n",
      "   9.37618427e-01  9.92101295e-01  1.00002381e+00  9.96934589e-01\n",
      "   9.37359918e-01  2.85763735e-01  8.78787655e-01  8.70428349e-01\n",
      "   1.03029417e-01 -4.47894993e-01  5.03963166e-02  2.94441103e-02\n",
      "   1.89629759e-02]\n",
      " [-4.49639973e-01 -5.28431742e-01  5.99447805e-01  9.54442826e-01\n",
      "   9.10018374e-01  9.82891662e-01  9.93048555e-01  9.95315323e-01\n",
      "   9.13159593e-01  1.37445737e-01  1.37445737e-01  9.63051928e-01\n",
      "   9.27931047e-01  9.96341306e-01  9.96934589e-01  1.00002381e+00\n",
      "   9.33132810e-01  2.83010726e-01  8.91168695e-01  8.53106708e-01\n",
      "   9.82249354e-02 -4.40894659e-01  4.47262837e-02  2.72930301e-02\n",
      "   2.21497150e-02]\n",
      " [-3.84180056e-01 -4.39522374e-01  4.83595212e-01  9.89818674e-01\n",
      "   9.56334931e-01  9.52808697e-01  9.46491756e-01  9.45403635e-01\n",
      "   9.95358666e-01  4.39589957e-02  4.39589957e-02  9.89154128e-01\n",
      "   9.65365788e-01  9.43676479e-01  9.37359918e-01  9.33132810e-01\n",
      "   1.00002381e+00  1.60938860e-01  8.89208602e-01  7.81966906e-01\n",
      "   5.36936390e-02 -3.87226375e-01  3.73636382e-02  1.53908584e-02\n",
      "  -3.50531754e-02]\n",
      " [-4.67488680e-01 -4.54330366e-01  5.51548428e-01  1.69242407e-01\n",
      "   2.04212169e-01  2.29562328e-01  2.62122294e-01  2.56491227e-01\n",
      "   1.27858417e-01  9.64424396e-01  9.64424396e-01  1.88478986e-01\n",
      "   2.22801323e-01  2.64550376e-01  2.85763735e-01  2.83010726e-01\n",
      "   1.60938860e-01  1.00002381e+00  1.48823822e-01  3.13095038e-01\n",
      "   1.12507324e-01 -2.87838417e-01 -2.69974584e-02 -1.06640267e-02\n",
      "   1.35771512e-01]\n",
      " [-3.64199129e-01 -3.32189057e-01  3.97612247e-01  9.20471849e-01\n",
      "   8.58565870e-01  9.47085293e-01  9.03303359e-01  9.17551653e-01\n",
      "   9.08383243e-01  4.17070371e-02  4.17070371e-02  9.28668409e-01\n",
      "   8.45342281e-01  9.19016764e-01  8.78787655e-01  8.91168695e-01\n",
      "   8.89208602e-01  1.48823822e-01  1.00002381e+00  6.18178176e-01\n",
      "   3.84210218e-02 -3.21118030e-01  1.50307616e-02  7.89982548e-03\n",
      "  -4.20893989e-02]\n",
      " [-3.95827801e-01 -5.94908917e-01  6.65866367e-01  8.03295151e-01\n",
      "   7.75498047e-01  8.02199716e-01  8.47762389e-01  8.30911938e-01\n",
      "   7.44744312e-01  1.55449989e-01  1.55449989e-01  7.94980608e-01\n",
      "   8.13915438e-01  8.35150840e-01  8.70428349e-01  8.53106708e-01\n",
      "   7.81966906e-01  3.13095038e-01  6.18178176e-01  1.00002381e+00\n",
      "   1.55566164e-01 -5.68838112e-01  9.77396223e-02  5.32241250e-02\n",
      "   4.54209306e-02]\n",
      " [-9.45961205e-02 -1.43568149e-01  1.95641564e-01  6.42108087e-02\n",
      "   6.02973424e-02  8.07335273e-02  9.35609905e-02  8.82924553e-02\n",
      "   4.26060237e-02  6.38833345e-02  6.38833345e-02  6.41905084e-02\n",
      "   6.93210425e-02  9.36153518e-02  1.03029417e-01  9.82249354e-02\n",
      "   5.36936390e-02  1.12507324e-01  3.84210218e-02  1.55566164e-01\n",
      "   1.00002381e+00 -1.58174016e-01  8.00539238e-02  8.67267843e-02\n",
      "   1.32731859e-01]\n",
      " [ 2.53424433e-01  4.61180840e-01 -5.62600151e-01 -4.02126409e-01\n",
      "  -3.51897368e-01 -4.07000181e-01 -4.19062176e-01 -4.14113147e-01\n",
      "  -3.60621469e-01 -1.52504331e-01 -1.52504331e-01 -3.89500476e-01\n",
      "  -3.84103549e-01 -4.39326495e-01 -4.47894993e-01 -4.40894659e-01\n",
      "  -3.87226375e-01 -2.87838417e-01 -3.21118030e-01 -5.68838112e-01\n",
      "  -1.58174016e-01  1.00002381e+00 -3.53146625e-02  6.70137901e-03\n",
      "  -4.23808399e-02]\n",
      " [ 3.59475713e-02 -2.71007876e-02  2.23176857e-02  4.58887281e-02\n",
      "   4.65152382e-02  4.64235591e-02  5.39854054e-02  4.70727271e-02\n",
      "   3.84041647e-02 -3.66755839e-02 -3.66755839e-02  4.41534009e-02\n",
      "   4.78662817e-02  4.33214013e-02  5.03963166e-02  4.47262837e-02\n",
      "   3.73636382e-02 -2.69974584e-02  1.50307616e-02  9.77396223e-02\n",
      "   8.00539238e-02 -3.53146625e-02  1.00002381e+00  5.77900641e-01\n",
      "   1.93150233e-02]\n",
      " [ 1.12460138e-02 -4.74686139e-02 -2.60234410e-03  2.21123772e-02\n",
      "   3.20025580e-02  3.09332269e-02  3.54327548e-02  3.22613691e-02\n",
      "   1.78687552e-02 -7.75619773e-03 -7.75619773e-03  2.56786545e-02\n",
      "   3.02076057e-02  2.51026414e-02  2.94441103e-02  2.72930301e-02\n",
      "   1.53908584e-02 -1.06640267e-02  7.89982548e-03  5.32241250e-02\n",
      "   8.67267843e-02  6.70137901e-03  5.77900641e-01  1.00002381e+00\n",
      "   4.79214264e-01]\n",
      " [-6.96219862e-02 -2.07260332e-01  1.19399872e-01 -2.55530186e-02\n",
      "  -9.27210594e-04  5.24048857e-03  1.34636547e-02  1.65494007e-02\n",
      "  -4.63647632e-02  1.22284824e-01  1.22284824e-01 -1.83884004e-02\n",
      "   2.05730299e-03  1.37157070e-02  1.89629759e-02  2.21497150e-02\n",
      "  -3.50531754e-02  1.35771512e-01 -4.20893989e-02  4.54209306e-02\n",
      "   1.32731859e-01 -4.23808399e-02  1.93150233e-02  4.79214264e-01\n",
      "   1.00002381e+00]]\n"
     ]
    }
   ],
   "source": [
    "from sklearn.preprocessing import StandardScaler \n",
    "X_std = StandardScaler().fit_transform(X)\n",
    "print('covariance matrix: \\n%s' %np.cov(X_std.T)) \n",
    "#共變異數矩陣：計算每一個主成分中，X變數之間的共變數"
   ]
  },
  {
   "cell_type": "code",
   "execution_count": 27,
   "metadata": {},
   "outputs": [
    {
     "name": "stdout",
     "output_type": "stream",
     "text": [
      "Eigenvectors \n",
      "[[ 1.31811747e-01 -2.15372063e-01 -4.61816520e-02  1.18784032e-01\n",
      "  -1.89190024e-02  1.13121452e-01  8.11570514e-01 -9.62361677e-02\n",
      "  -2.23036470e-01 -1.27154382e-02  4.98820013e-02 -3.22802842e-01\n",
      "   1.61030887e-01 -2.34815785e-01 -6.88973779e-03  3.90385782e-03\n",
      "   2.51130779e-02 -1.35252872e-02  1.96991865e-02 -3.87911600e-04\n",
      "  -1.11714389e-03 -1.64429025e-03 -9.74492125e-04  3.35729591e-16\n",
      "  -2.72778787e-14]\n",
      " [ 1.50899099e-01 -2.10327133e-01  1.01228462e-01  2.93079379e-01\n",
      "  -5.47512605e-02  2.12505663e-01 -2.91360127e-01  6.65716615e-01\n",
      "  -3.03938801e-01  2.85226418e-01 -6.84990038e-02 -2.26291503e-01\n",
      "   1.04718607e-01 -1.21127177e-01 -6.35886353e-02 -2.64167750e-02\n",
      "   1.42205513e-02  4.20575229e-03  1.94063629e-02  1.11570111e-04\n",
      "   7.67271583e-05 -3.70889591e-03 -1.11597075e-03  1.55061507e-15\n",
      "  -1.58971112e-13]\n",
      " [-1.67179837e-01  2.45640973e-01 -4.41763582e-02 -3.94719271e-01\n",
      "  -7.65424012e-02 -2.02229583e-01 -2.79158056e-01 -1.24283626e-01\n",
      "  -2.71677303e-01 -1.15852530e-01  8.32369869e-02 -5.95587429e-01\n",
      "   1.55904712e-01 -2.69632657e-01 -5.89853413e-02 -3.81332717e-02\n",
      "   1.93723525e-01 -9.16691936e-02  1.27858226e-01  1.54431711e-02\n",
      "  -1.98798309e-02 -8.47611609e-03 -3.93050917e-03  1.85553408e-14\n",
      "  -1.43345467e-12]\n",
      " [-2.57092030e-01 -9.72605561e-02  1.67041074e-02  6.26629564e-02\n",
      "   1.01928865e-02  2.96078846e-02  5.01429977e-02  2.15265131e-02\n",
      "   7.12551567e-02 -1.18242230e-02 -8.43061518e-03 -1.98957701e-01\n",
      "  -1.94649205e-01  2.24613682e-01 -2.73645273e-01 -3.61693512e-01\n",
      "  -3.93928672e-01 -6.43507649e-01  6.70761127e-02  3.74488546e-02\n",
      "   3.06268773e-02  3.28755859e-02 -1.27255667e-02 -6.54065370e-14\n",
      "   5.83871046e-12]\n",
      " [-2.50923992e-01 -6.53515247e-02  1.51445645e-02  9.60829105e-02\n",
      "   3.68817429e-02  2.65323852e-02 -4.19158533e-02 -5.09513139e-02\n",
      "   3.90991473e-01  1.73886673e-01 -8.31206191e-02  6.26237669e-02\n",
      "   1.74997900e-01 -5.11914508e-01 -1.22475954e-01 -5.45673716e-02\n",
      "   2.45903535e-02  2.83160590e-02  2.24905462e-02  3.22358585e-01\n",
      "   5.33218671e-01  1.09163476e-01 -8.28313974e-02  7.85440278e-04\n",
      "  -5.79674173e-02]\n",
      " [-2.59625696e-01 -6.23053508e-02  8.74243805e-03  5.93725193e-02\n",
      "   2.59862903e-02  3.25839112e-02  2.22571869e-02  1.25508095e-02\n",
      "  -1.26742491e-01 -1.57143014e-01  5.94307245e-03  1.08822360e-01\n",
      "  -7.98078173e-02 -4.57729746e-02 -5.10669362e-01 -1.46431641e-01\n",
      "   2.62166543e-01  1.71654529e-01 -3.69917951e-01 -2.59575075e-01\n",
      "  -7.50227557e-02 -1.19872738e-01 -4.81965283e-01  2.12916886e-03\n",
      "  -1.57137880e-01]\n",
      " [-2.61195962e-01 -3.97902237e-02  1.28333995e-04  3.50020598e-02\n",
      "   1.28630127e-02  2.08850988e-02  3.65866710e-03 -1.76201900e-02\n",
      "  -1.58909382e-01  2.40030668e-02  1.63095095e-02  1.73873911e-01\n",
      "   1.89524205e-01 -3.73160110e-02  3.63618823e-01 -5.65798652e-01\n",
      "   1.24268043e-01  6.21986638e-02 -4.74573258e-02 -2.07068271e-01\n",
      "  -9.83433450e-02  5.28559087e-01  1.37691782e-01  1.32840015e-03\n",
      "  -9.80391863e-02]\n",
      " [-2.60768656e-01 -4.40866513e-02  3.32691870e-03  4.12640565e-02\n",
      "   2.44365517e-02  2.18665726e-02  1.86015045e-02 -2.06092169e-02\n",
      "  -1.76734464e-01 -6.02437182e-02  1.69570807e-02  1.80463653e-01\n",
      "   1.42332933e-01  4.05570215e-02 -2.30493399e-01 -1.27212111e-01\n",
      "  -1.29679888e-01  2.85606952e-01  5.41116975e-01 -2.06613499e-01\n",
      "   1.36049412e-01 -4.03659694e-01  3.66733837e-01  1.80440683e-03\n",
      "  -1.33169646e-01]\n",
      " [-2.49866328e-01 -1.19993073e-01  3.04950760e-02  9.97498002e-02\n",
      "   1.68575097e-02  3.95223098e-02  2.60655635e-02  3.62504460e-02\n",
      "   2.52946975e-01 -1.39464734e-02 -2.82802348e-02 -3.57032078e-01\n",
      "  -1.48464655e-01  2.36296340e-01  8.97967095e-02 -5.14987947e-02\n",
      "   7.56170463e-02  3.52693521e-01  7.20260617e-03  4.43717211e-01\n",
      "  -3.20848449e-01 -3.63670055e-02  7.20739595e-02  5.92009843e-03\n",
      "  -4.36917772e-01]\n",
      " [-4.78822675e-02  4.93342792e-01  8.97812557e-02  2.85639053e-01\n",
      "  -3.03501654e-02  9.49859127e-02  1.19887769e-01  5.88945564e-02\n",
      "   4.06298489e-02  3.36604619e-02 -7.59255386e-03  2.12995325e-02\n",
      "  -2.02138962e-02  5.35750998e-02 -1.91725467e-02  5.78224097e-04\n",
      "   2.92564048e-01 -1.43394013e-01  1.50144510e-01  2.63252314e-02\n",
      "  -2.10765280e-02 -9.71133360e-03 -3.50782513e-03 -7.07041868e-01\n",
      "   2.04039602e-03]\n",
      " [-4.78822675e-02  4.93342792e-01  8.97812557e-02  2.85639053e-01\n",
      "  -3.03501654e-02  9.49859127e-02  1.19887769e-01  5.88945564e-02\n",
      "   4.06298489e-02  3.36604619e-02 -7.59255386e-03  2.12995325e-02\n",
      "  -2.02138962e-02  5.35750998e-02 -1.91725467e-02  5.78224097e-04\n",
      "   2.92564048e-01 -1.43394013e-01  1.50144510e-01  2.63252314e-02\n",
      "  -2.10765280e-02 -9.71133360e-03 -3.50782513e-03  7.07041868e-01\n",
      "  -2.04039603e-03]\n",
      " [-2.58994004e-01 -8.72859650e-02  1.84657048e-02  7.76455436e-02\n",
      "   2.08510750e-02  3.32724494e-02  1.76143877e-02  1.19623147e-02\n",
      "   8.54116897e-02 -3.03818567e-02 -1.42640178e-02 -1.08488091e-01\n",
      "  -3.42429816e-02  7.84622965e-02 -4.97112619e-02 -1.39473725e-01\n",
      "   8.12916303e-02  2.61294962e-01  1.58153712e-02  1.42773411e-01\n",
      "  -1.29686079e-01 -3.49403832e-02  1.53093027e-02 -1.17632511e-02\n",
      "   8.68156762e-01]\n",
      " [-2.54296174e-01 -5.46083655e-02  1.09617328e-02  6.58552428e-02\n",
      "   2.35298388e-02  1.37119113e-02 -3.02485653e-02 -4.58901571e-02\n",
      "   3.25499884e-01  2.42773342e-01 -6.69843519e-02  1.41896607e-02\n",
      "   2.43111679e-01 -3.25592579e-01  1.08354962e-02  2.53720030e-01\n",
      "  -8.82177389e-02 -1.98373573e-01 -4.02033001e-02 -3.33493942e-01\n",
      "  -5.81854505e-01 -1.24133366e-01  1.04960203e-01  6.71755020e-13\n",
      "  -5.34770978e-11]\n",
      " [-2.60543616e-01 -3.91297928e-02  5.94707435e-03  1.96602040e-02\n",
      "   1.39207864e-02  1.64702972e-02  1.80651261e-02  1.58664762e-02\n",
      "  -2.35104460e-01 -8.96266999e-02  2.36110498e-02  9.62661908e-02\n",
      "   9.53272210e-02  1.25164694e-01 -2.68149960e-01  3.72548938e-01\n",
      "   1.36157351e-01 -1.31732347e-01 -4.03399570e-01  1.79545151e-01\n",
      "   8.66548988e-02  2.07345484e-01  5.82389391e-01  1.10952084e-12\n",
      "  -9.04968318e-11]\n",
      " [-2.60719963e-01 -2.28962941e-02 -1.66873086e-03  2.80147549e-04\n",
      "   2.07676556e-03  6.57111451e-03  6.46382814e-03 -1.02674346e-02\n",
      "  -2.31393778e-01  7.06587038e-02  2.92823895e-02  1.35262484e-01\n",
      "   2.68054489e-01  1.07393405e-01  4.61357836e-01 -6.80275908e-02\n",
      "   3.32183483e-02 -2.19178655e-01 -2.71054300e-01  2.41354407e-01\n",
      "   9.23454628e-02 -5.80628654e-01 -1.61945581e-01  2.70858146e-13\n",
      "  -2.27411412e-11]\n",
      " [-2.60044496e-01 -2.54185657e-02  1.26006941e-03  8.16226700e-03\n",
      "   1.25854973e-02  8.53409302e-03  1.43886940e-02 -1.05082585e-02\n",
      "  -2.61874721e-01 -6.93808660e-03  3.05813006e-02  1.62423020e-01\n",
      "   2.63336055e-01  1.66368446e-01 -3.36075599e-02  3.88369352e-01\n",
      "  -2.10116437e-01  5.77900845e-03  3.66857970e-01  2.16392663e-01\n",
      "  -1.25226541e-01  3.56119117e-01 -4.67002101e-01 -1.34704548e-12\n",
      "   1.11778881e-10]\n",
      " [-2.53654049e-01 -9.95749598e-02  2.65412769e-02  6.98543683e-02\n",
      "   1.10978757e-02  2.48676793e-02  1.87911576e-02  2.47188540e-02\n",
      "   1.97224466e-01  6.42584699e-02 -2.16225007e-02 -3.58022503e-01\n",
      "   2.92963304e-02  3.62871974e-01  2.33550716e-01  2.85169031e-01\n",
      "   8.90553698e-02  5.60027566e-02 -2.17580035e-02 -5.18279644e-01\n",
      "   4.32067186e-01  6.63654651e-02 -8.44863636e-02 -6.95856202e-13\n",
      "   5.43557739e-11]\n",
      " [-8.61918844e-02  4.99346456e-01  6.88095641e-02  1.43959756e-01\n",
      "  -5.16499610e-02  3.62793616e-02  4.11862167e-02  3.10259542e-02\n",
      "  -9.24462346e-02 -2.71897592e-02  2.30142601e-02 -1.38454520e-01\n",
      "   2.74949153e-02 -1.12146432e-01  3.74125406e-02 -8.95945247e-03\n",
      "  -6.63795780e-01  3.25208848e-01 -3.38471950e-01 -5.90818204e-02\n",
      "   4.81921921e-02  2.23571762e-02  7.90799620e-03 -5.53737310e-14\n",
      "   4.23860726e-12]\n",
      " [-2.36463734e-01 -1.09005033e-01  5.16119245e-02  1.45758269e-01\n",
      "   4.54050967e-02  7.99285571e-02 -3.20177088e-02  1.57092284e-01\n",
      "  -1.03334941e-01 -5.41316634e-01 -5.47703868e-03  5.75184864e-02\n",
      "  -4.96310180e-01 -3.95967599e-01  3.18651829e-01  1.94938128e-01\n",
      "  -2.17154568e-02 -9.70063695e-02  1.10528596e-01 -4.62980784e-02\n",
      "   6.30788470e-03 -1.13660444e-02  5.93224870e-03  1.34171994e-14\n",
      "  -1.14179602e-12]\n",
      " [-2.27873846e-01  4.15495617e-02 -6.87552999e-02 -1.92691521e-01\n",
      "  -1.01493124e-01 -7.72338336e-02  1.30867565e-01 -5.36993807e-02\n",
      "  -2.46042122e-01  6.73221436e-01  7.75202695e-02  8.43082884e-02\n",
      "  -5.64410817e-01 -9.24781836e-02  3.83162637e-02  7.56465521e-02\n",
      "   2.71363170e-02  6.80576351e-02  3.02344934e-02 -7.85794840e-03\n",
      "   2.36601096e-02  1.05488026e-02  3.92029731e-03 -2.05419170e-14\n",
      "   1.53618484e-12]\n",
      " [-2.89704553e-02  8.58366276e-02 -2.06400228e-01 -3.75854192e-01\n",
      "  -2.04270848e-02  8.94638964e-01 -3.79190500e-02 -3.07250934e-02\n",
      "   5.85122154e-02 -1.98305534e-02  2.68492549e-02  7.40755849e-03\n",
      "   1.07121452e-03  1.17265423e-02  8.60269002e-04  3.10534066e-03\n",
      "   7.55235711e-04 -9.15370361e-04  2.02609690e-03 -1.76993245e-04\n",
      "  -2.02855990e-04 -9.87908785e-05 -8.71769499e-05  2.66127441e-17\n",
      "   5.68297655e-16]\n",
      " [ 1.27400300e-01 -1.22593519e-01  5.96442154e-02  4.73061106e-01\n",
      "   2.26617297e-01  2.13952700e-01 -3.31809480e-01 -6.63367742e-01\n",
      "  -2.28590262e-01  1.15172454e-01  5.91956302e-02 -1.31215013e-01\n",
      "  -8.07727402e-02 -2.99825362e-02  5.34891246e-03  1.89835110e-02\n",
      "  -3.85597825e-04 -6.25145184e-03 -4.01033144e-03  1.72295780e-04\n",
      "  -1.72609187e-03 -3.20613448e-04  1.16973251e-05  1.30819989e-15\n",
      "  -9.51155957e-14]\n",
      " [-1.31985072e-02 -2.32269957e-02 -5.23145069e-01  2.01827453e-01\n",
      "  -6.16614484e-01 -3.75035384e-02 -6.45592769e-02 -1.29024654e-01\n",
      "  -5.66320137e-02 -5.98660718e-02 -5.24486785e-01 -2.85542880e-04\n",
      "  -9.01966954e-03  1.98299586e-02  6.84982036e-03  5.53014128e-03\n",
      "  -1.89283724e-03  7.14807495e-04  1.37156454e-03  1.04137867e-04\n",
      "   7.48648663e-05 -5.66798396e-04  1.60440011e-04  1.08308459e-15\n",
      "  -8.33872859e-14]\n",
      " [-8.53377750e-03  1.37390320e-02 -6.63584269e-01  2.23277408e-01\n",
      "   2.84851425e-02 -8.58216485e-02 -6.02235876e-02  1.28773519e-01\n",
      "   1.02940963e-01 -1.30041322e-02  6.85239389e-01 -5.61192084e-04\n",
      "   2.44878176e-02 -1.22963684e-02 -5.88330810e-03  3.76133399e-03\n",
      "  -2.42588136e-03 -5.11467430e-03 -1.44448797e-03 -4.11535850e-05\n",
      "   1.49041820e-03 -1.11320439e-04  7.68623409e-05 -8.07376167e-16\n",
      "   5.68022248e-14]\n",
      " [-6.74753190e-03  1.32014272e-01 -4.41029266e-01 -3.18091456e-02\n",
      "   7.32435239e-01 -8.41883855e-02  5.14811415e-02  1.17590682e-01\n",
      "  -8.66045878e-02  4.31295060e-02 -4.63104439e-01 -4.88398090e-02\n",
      "  -2.47313458e-02  7.06746681e-03  9.09911518e-03 -3.04256852e-03\n",
      "  -1.41424595e-03  3.40056269e-03  7.17318914e-04  9.00294225e-04\n",
      "  -9.89468973e-04  2.39932466e-04  7.16432007e-05  9.49676721e-16\n",
      "  -6.58097038e-14]]\n",
      "\n",
      "Eigenvalues \n",
      "[ 1.43035137e+01  3.39019263e+00  1.81172528e+00  1.27672270e+00\n",
      "  9.60999295e-01  8.77311249e-01  7.93088047e-01  5.12029478e-01\n",
      "  2.90271220e-01  2.81040726e-01  2.45211243e-01  1.42404546e-01\n",
      "  5.47100006e-02  4.25091181e-02  6.45864852e-03  5.39749257e-03\n",
      "  2.92950596e-03  2.14552897e-03  1.58965917e-03  1.96159652e-04\n",
      "  9.30396452e-05  4.39173227e-05  1.21294163e-05 -4.38810407e-18\n",
      " -8.56153728e-16]\n"
     ]
    }
   ],
   "source": [
    "mean_vec = np.mean(X_std, axis=0)\n",
    "cov_mat = (X_std - mean_vec).T.dot((X_std - mean_vec)) / (X_std.shape[0]-1)\n",
    "eig_vals, eig_vecs = np.linalg.eig(cov_mat) #共變數來計算求特徵值和特徵向量\n",
    "print('Eigenvectors \\n%s' %eig_vecs)\n",
    "print('\\nEigenvalues \\n%s' %eig_vals)"
   ]
  },
  {
   "cell_type": "code",
   "execution_count": 28,
   "metadata": {},
   "outputs": [
    {
     "name": "stdout",
     "output_type": "stream",
     "text": [
      "<class 'pandas.core.frame.DataFrame'>\n",
      "RangeIndex: 41994 entries, 0 to 41993\n",
      "Data columns (total 25 columns):\n",
      " #   Column                                Non-Null Count  Dtype  \n",
      "---  ------                                --------------  -----  \n",
      " 0   lat_avg                               41994 non-null  float64\n",
      " 1   lng_avg                               41994 non-null  float64\n",
      " 2   yearly_sunlight_kwh_kw_threshold_avg  41994 non-null  float64\n",
      " 3   count_qualified                       41994 non-null  int64  \n",
      " 4   number_of_panels_n                    41994 non-null  int64  \n",
      " 5   number_of_panels_s                    41994 non-null  int64  \n",
      " 6   number_of_panels_e                    41994 non-null  int64  \n",
      " 7   number_of_panels_w                    41994 non-null  int64  \n",
      " 8   number_of_panels_f                    41994 non-null  int64  \n",
